Number of shares (millions):	2506
Years	2007	2008	2009	2010	2011	2012	2013	2014	2015	2016	2017	2018	2019	2020	2021	2022	TTM	
Revenue	3069	4098	3425	3326	3543	3998	4280	4130	4682	5010	6910	9714	11716	10918	16675	26914	29541	
Net profits	449	798	(30)	(68)	253	581	563	440	631	614	1666	3047	4141	2796	4332	9752	9459	
Net margin	14.6%	19.5%	(0.9)%	(2.0)%	7.1%	14.5%	13.2%	10.7%	13.5%	12.3%	24.1%	31.4%	35.3%	25.6%	26.0%	36.2%	32.5%	
Return on equity	22.4%	30.5%	(1.3)%	(2.6)%	8.0%	14.0%	11.7%	9.9%	14.3%	13.7%	28.9%	40.8%	44.3%	22.9%	25.6%	36.6%	35.9%	
FCF per share	0.21	0.49	(0.07)	0.19	0.25	0.32	0.26	0.25	0.35	0.50	0.69	1.21	1.29	1.75	1.90	3.25	3.17	
CAPEX per share	0.07	0.09	0.19	0.04	0.04	0.06	0.07	0.11	0.06	0.04	0.08	0.25	0.25	0.20	0.46	0.39	0.42	
Long-term debt	0	0	26	0	23	21	19	1374	1398	0	2020	1985	1988	1991	5964	11687	11699	
Equity	2007	2618	2395	2665	3181	4146	4828	4456	4418	4469	5762	7471	9342	12204	16893	26612	26320	
Free Cash Flow	526.26	1227.94	-175.42	476.14	626.5	801.92	651.56	626.5	877.1	1253.0	1729.14	3032.26	3232.74	4385.5	4761.4	8144.5	
CAPEX	175.42	225.54	476.14	100.24	100.24	150.36	175.42	275.66	150.36	100.24	200.48	626.5	626.5	501.2	1152.76	977.34	
Operating Cash Flow	701.68	1453.48	300.72	576.38	726.74	952.28	826.98	902.16	1027.46	1353.24	1929.62	3658.76	3859.24	4886.7	5914.16	9121.84	
Quality Of Earnings	1.56	1.82	-10.02	-8.48	2.87	1.64	1.47	2.05	1.63	2.2	1.16	1.2	0.93	1.75	1.37	0.94	
CAPEX/OCF	0.25	0.16	1.58	0.17	0.14	0.16	0.21	0.31	0.15	0.07	0.1	0.17	0.16	0.1	0.19	0.11	
Debt To Equity	0.0	0.0	0.01	0.0	0.01	0.01	0.0	0.31	0.32	0.0	0.35	0.27	0.21	0.16	0.35	0.44	
Avg. PE Ratio	4	9	16	22	28	34	41	47	52	56	60	63	
